ifetch:
0x00: 0000 0000 0000 0000 0000 0000 | 0000 0000 0000
0x01: 0000 0000 0111 0011 0000 0010 | 0000 0000 0000
0x02: 0000 0000 1000 0000 0000 0100 | 0000 0000 0000
0x03: 1000 0000 0000 0001 0000 0001 | 0011 0000 0000

ldr:
0x40: 0000 0000 0000 0011 0011 0000 | 0000 0000 0000
0x41: 1000 0000 0000 0001 0100 0000 | 0010 0000 0001
0x42:
0x43:

str:
0x44: 0000 0000 0000 0011 0011 0000 | 0000 0000 0000
0x45: 1000 0000 0000 0010 0010 0000 | 0010 0000 0001
0x46:
0x47:

data:
0x48: 0000 0000 0111 0011 0000 0010 | 0000 0000 0000
0x49: 0000 0000 1000 0000 0000 0100 | 0000 0000 0000
0x4a: 1000 0000 0000 0001 0101 0000 | 0010 0000 0001
0x4b:

nop:
0x4c: 0000 0000 0110 0000 0011 0000 | 0000 0000 0000
0x4d: 0000 0000 0000 0000 0101 0010 | 0000 0000 0000
0x4e: 1000 0101 1000 0000 0000 0100 | 0010 0000 0001
0x4f:

jalr:
0x50: 0000 0000 0110 0000 0011 0000 | 0000 0000 0000
0x51: 0000 0000 0000 0000 0101 0010 | 0000 0000 0000
0x52: 1000 0101 1000 0000 0000 0100 | 0010 0000 0001
0x53:

br:
0x54: 0000 0000 0111 0011 0000 0010 | 0001 0101 0110
0x55: 1000 0000 1000 0000 0000 0100 | 0010 0000 0001
0x56: 1000 0000 0000 0001 0000 0100 | 0010 0000 0001
0x57:

clf:
0x58: 0000 0000 1000 0000 0000 0000 | 0100 0101 1010
0x59: 1010 1000 0111 0000 0000 0010 | 0010 0000 0001
0x5a: 1100 0000 0000 0000 0000 0000 | 0010 0000 0000
0x5b:

io:
0x5c: 0000 0000 0000 1000 0001 0000 | 0000 0000 0000
0x5d: 1000 0000 0000 0000 0000 0010 | 0010 0000 0001
0x5e:
0x5f:

add:
0x60: 0000 0000 0100 0000 0010 0000 | 0000 0000 0000
0x61: 0000 0000 0010 0000 0011 0000 | 0000 0000 0000
0x62: 0001 1000 1000 0000 0100 0000 | 0000 0000 0000
0x63: 1010 0000 1000 0000 0000 0000 | 0010 0000 0001

rolx:
0x64: 0000 0000 0100 0000 0011 0000 | 0000 0000 0000
0x65: 0001 1001 1000 0000 0100 0000 | 0000 0000 0000
0x66: 1010 0000 1000 0000 0000 0000 | 0010 0000 0001
0x67:

rorx:
0x68: 0000 0000 0100 0000 0011 0000 | 0000 0000 0000
0x69: 0001 1010 1000 0000 0100 0000 | 0000 0000 0000
0x6a: 1010 0000 1000 0000 0000 0000 | 0010 0000 0001
0x6b:

not:
0x6c: 0000 0000 0100 0000 0011 0000 | 0000 0000 0000
0x6d: 1010 1011 1000 0000 0100 0000 | 0010 0000 0001
0x6e:
0x6f: 

and:
0x70: 0000 0000 0100 0000 0010 0000 | 0000 0000 0000
0x71: 0000 0000 0010 0000 0011 0000 | 0000 0000 0000
0x72: 1010 1100 1000 0000 0100 0000 | 0010 0000 0001
0x73:

orr:
0x74: 0000 0000 0100 0000 0010 0000 | 0000 0000 0000
0x75: 0000 0000 0010 0000 0011 0000 | 0000 0000 0000
0x76: 1010 1101 1000 0000 0100 0000 | 0010 0000 0001
0x77:

xor:
0x78: 0000 0000 0100 0000 0010 0000 | 0000 0000 0000
0x79: 0000 0000 0010 0000 0011 0000 | 0000 0000 0000
0x7a: 1010 1110 1000 0000 0100 0000 | 0010 0000 0001
0x7b:

cmp:
0x7c: 0000 0000 0100 0000 0010 0000 | 0000 0000 0000
0x7d: 1010 1111 0010 0000 0011 0000 | 0010 0000 0001
0x7e:
0x7f:
